$ 1 0.000005 10.20027730826997 50 5 43 5e-11
v 496 496 496 288 0 0 40 24 0 0 0.5
w 544 288 656 384 0
370 544 288 752 288 3 0 0
370 656 384 752 384 3 0 0
w 544 288 656 192 0
370 656 192 752 192 3 0 0
r 752 192 864 192 0 6
r 752 288 864 288 0 6
r 752 384 864 384 0 2
370 864 288 1040 288 3 0 0
370 864 192 944 192 3 0 0
370 864 384 944 384 3 0 0
w 944 192 1040 288 0
w 1040 288 944 384 0
370 496 288 544 288 3 0 0
370 1040 288 1072 288 3 0 0
w 1072 288 1072 352 0
w 1072 352 1024 352 0
w 1072 352 1104 352 0
370 1024 352 1024 416 3 0 0
370 1104 352 1104 416 3 0 0
r 1024 416 1024 464 0 8
r 1104 416 1104 464 0 12
w 1024 464 1024 496 0
w 1104 464 1104 496 0
w 1024 496 1072 496 0
w 1072 496 1104 496 0
370 1072 496 1072 560 3 0 0
w 1072 560 496 560 0
370 496 560 496 496 3 0 0
g 496 560 496 592 0 0
p 768 160 848 160 3 0 0 10000000
p 1152 416 1152 464 3 0 0 10000000
w 1104 416 1152 416 0
w 1104 464 1152 464 0
w 752 192 768 160 0
w 848 160 864 192 0
