$ 1 0.000005 0.010988363537639658 27 5 50 5e-11
R 320 96 320 16 0 0 40 22 0 0 0.5
w 320 96 480 96 0
w 320 96 208 96 0
r 208 224 208 352 0 40000
r 480 336 480 208 0 12000
r 480 416 480 496 0 1000
r 208 352 208 480 0 4000
w 208 528 208 480 0
w 208 224 208 96 0
w 480 416 480 368 0
w 448 352 208 352 0
p 144 240 144 336 3 0 0 10000000
p 448 304 448 352 3 0 0 10000000
w 448 304 480 336 0
p 448 352 448 400 3 0 0 10000000
w 448 400 480 368 0
w 144 240 208 224 0
w 144 336 208 352 0
p 144 368 144 448 3 0 0 10000000
w 144 368 208 352 0
w 144 448 208 480 0
p 544 320 544 384 3 0 0 10000000
w 480 336 544 320 0
w 480 368 544 384 0
g 336 528 336 624 0 0
w 208 528 336 528 0
w 336 528 480 528 0
t 448 352 480 352 0 1 -7.239372231586044 -1.743332485901469 100 default
p 480 96 480 208 3 0 0 10000000
w 480 416 528 432 0
w 480 496 528 480 0
p 528 432 528 480 3 0 0 10000000
p 480 496 480 528 3 0 0 10000000
