$ 1 0.000005 0.32112705431535615 25 5 50 5e-11
v 96 208 96 160 0 0 40 24 0 0 0.5
w 192 48 192 128 0
w 192 48 192 0 0
r 256 0 336 0 0 6
r 256 48 336 48 0 6
r 256 128 336 128 0 2
w 336 0 336 48 0
w 336 48 336 128 0
w 336 48 480 48 0
w 480 48 480 144 0
w 480 144 416 144 0
w 480 144 528 144 0
r 416 192 416 256 0 8
r 528 176 528 256 0 12
w 416 256 464 256 0
w 528 256 464 256 0
w 464 256 464 320 0
w 464 320 96 320 0
w 96 320 96 208 0
w 96 160 96 48 0
370 96 48 192 48 3 0 0
370 416 144 416 192 3 0 0
370 528 144 528 176 3 0 0
370 192 0 256 0 3 0 0
370 192 48 256 48 3 0 0
370 192 128 256 128 3 0 0
