$ 1 0.000005 10.20027730826997 50 5 43 5e-11
v 432 400 432 272 0 0 40 10 0 0 0.5
w 736 112 880 112 0
r 880 288 880 480 0 1.5
w 880 480 736 480 0
w 736 464 736 384 0
w 736 464 736 480 0
w 736 384 832 384 0
w 736 384 640 384 0
w 640 208 736 208 0
w 736 208 832 208 0
w 432 480 432 400 0
r 640 208 640 384 0 4
r 832 208 832 384 0 4
g 432 480 432 528 0 0
370 432 272 432 112 3 0 0
370 496 112 608 112 3 0 0
r 608 112 736 112 0 4
370 736 112 736 208 3 0 0
370 880 112 880 192 3 0 0
r 880 192 880 288 0 0.5
370 736 480 432 480 3 0 0
w 432 112 496 112 0
