$ 1 0.000005 10.20027730826997 50 5 43 5e-11
r 128 272 128 160 0 2400
r 192 272 192 160 0 24000
w 128 160 192 160 0
r 160 272 160 384 0 12000
w 192 272 160 272 0
w 128 272 160 272 0
v 272 288 272 224 0 0 40 72 0 0 0.5
w 272 288 272 384 0
r 384 160 384 288 0 12000
w 384 288 352 288 0
w 384 288 416 288 0
r 352 288 352 384 0 9000
r 416 288 416 384 0 9000
w 416 384 352 384 0
p 320 304 320 368 3 0 1 10000000
w 320 304 352 288 0
w 320 368 352 384 0
g 272 384 272 448 0 0
w 352 160 384 160 0
370 272 160 352 160 3 0 0
370 272 160 192 160 3 0 0
370 272 224 272 160 3 0 0
370 352 384 272 384 3 0 0
370 160 384 272 384 3 0 0
