$ 1 0.000005 10.20027730826997 50 5 50 5e-11
v 64 176 64 96 0 0 40 5 0 0 0.5
w 64 96 64 0 0
r 176 0 176 160 0 5
w 176 160 224 160 0
r 176 160 176 288 0 5
w 64 176 64 288 0
w 176 288 224 288 0
162 224 160 224 288 2 default-led 1 0 0 0.01
p 144 48 144 112 3 0 0 10000000
p 144 176 144 240 3 0 0 10000000
w 144 48 176 0 0
w 144 112 176 160 0
w 144 176 176 160 0
w 144 240 176 288 0
370 64 0 176 0 3 0 0
370 176 288 64 288 3 0 0
v 336 208 336 96 0 0 40 5 0 0 0.5
w 336 96 336 -16 0
w 592 304 432 304 0
w 432 304 336 304 0
w 336 208 336 304 0
w 336 -16 432 -16 0
w 432 -16 592 -16 0
370 432 -16 432 80 3 0 0
370 592 -16 592 80 3 0 0
r 432 80 432 192 0 5
r 592 80 592 192 0 5
370 432 192 432 304 3 0 0
370 592 192 592 304 3 0 0
